X,Y,Z,formation
0.2083,1000,-2.8796,NgQs
213.8274,1000,-11.4634,NgQs
524.937,1000,-11.4634,NgQs
849.4276,1000,-55.7965,NgQs
1197.6626,1000,-103.3737,NgQs
1540.2092,1000,-150.1737,NgQs
1965.4613,1000,-208.2733,NgQs
2351.3973,1000,-261.0014,NgQs
2711.3062,1000,-287.693,NgQs
3047.1469,1000,-312.5997,NgQs
3299.7023,1000,-331.3298,NgQs
3540.9318,1000,-372.9491,NgQs
3695.8998,1000,-399.6857,NgQs
3838.1824,1000,-399.6857,NgQs
4046.5446,1000,-399.6857,NgQs
4372.4689,1000,-399.6857,NgQs
4631.9659,1000,-399.6857,NgQs
4925.8712,1000,-437.9873,NgQs
5074.4965,1000,-437.9873,NgQs
5251.7956,1000,-437.9873,NgQs
5358.844,1000,-424.1027,NgQs
5464.1172,1000,-410.4484,NgQs
0.2083,0,-2.8796,NgQs
213.8274,0,-11.4634,NgQs
524.937,0,-11.4634,NgQs
849.4276,0,-55.7965,NgQs
1197.6626,0,-103.3737,NgQs
1540.2092,0,-150.1737,NgQs
1965.4613,0,-208.2733,NgQs
2351.3973,0,-261.0014,NgQs
2711.3062,0,-287.693,NgQs
3047.1469,0,-312.5997,NgQs
3299.7023,0,-331.3298,NgQs
3540.9318,0,-372.9491,NgQs
3695.8998,0,-399.6857,NgQs
3838.1824,0,-399.6857,NgQs
4046.5446,0,-399.6857,NgQs
4372.4689,0,-399.6857,NgQs
4631.9659,0,-399.6857,NgQs
4925.8712,0,-437.9873,NgQs
5074.4965,0,-437.9873,NgQs
5251.7956,0,-437.9873,NgQs
5358.844,0,-424.1027,NgQs
5464.1172,0,-410.4484,NgQs
0.2083,2000,-2.8796,NgQs
213.8274,2000,-11.4634,NgQs
524.937,2000,-11.4634,NgQs
849.4276,2000,-55.7965,NgQs
1197.6626,2000,-103.3737,NgQs
1540.2092,2000,-150.1737,NgQs
1965.4613,2000,-208.2733,NgQs
2351.3973,2000,-261.0014,NgQs
2711.3062,2000,-287.693,NgQs
3047.1469,2000,-312.5997,NgQs
3299.7023,2000,-331.3298,NgQs
3540.9318,2000,-372.9491,NgQs
3695.8998,2000,-399.6857,NgQs
3838.1824,2000,-399.6857,NgQs
4046.5446,2000,-399.6857,NgQs
4372.4689,2000,-399.6857,NgQs
4631.9659,2000,-399.6857,NgQs
4925.8712,2000,-437.9873,NgQs
5074.4965,2000,-437.9873,NgQs
5251.7956,2000,-437.9873,NgQs
5358.844,2000,-424.1027,NgQs
5464.1172,2000,-410.4484,NgQs
5435.1274,1000,-236.5313,NgQs
5591.2669,1000,-161.4011,NgQs
5749.0136,1000,-85.4976,NgQs
5928.9921,1000,-30.7904,NgQs
6064.7991,1000,29.4289,NgQs
6270.6728,1000,80.2862,NgQs
6436.8066,1000,121.3265,NgQs
6583.5602,1000,157.5793,NgQs
6703.2386,1000,202.8061,NgQs
6768.1878,1000,227.3506,NgQs
7490.719,1000,216.2948,NgQs
7575.604,1000,158.5632,NgQs
7655.7731,1000,83.1587,NgQs
7735.9416,1000,65.4857,NgQs
7809.498,1000,49.2703,NgQs
7970.5538,1000,49.2703,NgQs
8139.1441,1000,49.2703,NgQs
8323.0608,1000,33.6745,NgQs
8509.593,1000,17.8569,NgQs
8797.5573,1000,2.0062,NgQs
9026.8225,1000,-28.7003,NgQs
9250.8476,1000,-47.3792,NgQs
9442.6826,1000,-73.6993,NgQs
9561.8369,1000,-90.0475,NgQs
9686.7729,1000,-107.1889,NgQs
9836.8699,1000,-127.7825,NgQs
9980.0148,1000,-127.7825,NgQs
5435.1274,2000,-236.5313,NgQs
5591.2669,2000,-161.4011,NgQs
5749.0136,2000,-85.4976,NgQs
5928.9921,2000,-30.7904,NgQs
6064.7991,2000,29.4289,NgQs
6270.6728,2000,80.2862,NgQs
6436.8066,2000,121.3265,NgQs
6583.5602,2000,157.5793,NgQs
6703.2386,2000,202.8061,NgQs
6768.1878,2000,227.3506,NgQs
7490.719,2000,216.2948,NgQs
7575.604,2000,158.5632,NgQs
7655.7731,2000,83.1587,NgQs
7735.9416,2000,65.4857,NgQs
7809.498,2000,49.2703,NgQs
7970.5538,2000,49.2703,NgQs
8139.1441,2000,49.2703,NgQs
8323.0608,2000,33.6745,NgQs
8509.593,2000,17.8569,NgQs
8797.5573,2000,2.0062,NgQs
9026.8225,2000,-28.7003,NgQs
9250.8476,2000,-47.3792,NgQs
9442.6826,2000,-73.6993,NgQs
9561.8369,2000,-90.0475,NgQs
9686.7729,2000,-107.1889,NgQs
9836.8699,2000,-127.7825,NgQs
9980.0148,2000,-127.7825,NgQs
5435.1274,0,-236.5313,NgQs
5591.2669,0,-161.4011,NgQs
5749.0136,0,-85.4976,NgQs
5928.9921,0,-30.7904,NgQs
6064.7991,0,29.4289,NgQs
6270.6728,0,80.2862,NgQs
6436.8066,0,121.3265,NgQs
6583.5602,0,157.5793,NgQs
6703.2386,0,202.8061,NgQs
6768.1878,0,227.3506,NgQs
7490.719,0,216.2948,NgQs
7575.604,0,158.5632,NgQs
7655.7731,0,83.1587,NgQs
7735.9416,0,65.4857,NgQs
7809.498,0,49.2703,NgQs
7970.5538,0,49.2703,NgQs
8139.1441,0,49.2703,NgQs
8323.0608,0,33.6745,NgQs
8509.593,0,17.8569,NgQs
8797.5573,0,2.0062,NgQs
9026.8225,0,-28.7003,NgQs
9250.8476,0,-47.3792,NgQs
9442.6826,0,-73.6993,NgQs
9561.8369,0,-90.0475,NgQs
9686.7729,0,-107.1889,NgQs
9836.8699,0,-127.7825,NgQs
9980.0148,0,-127.7825,NgQs
29.2687,1000,-285.0091,Ngc
195.5971,1000,-305.2253,Ngc
405.3549,1000,-330.7199,Ngc
639.4772,1000,-359.176,Ngc
872.358,1000,-387.4811,Ngc
1118.707,1000,-417.4233,Ngc
1435.7874,1000,-455.9623,Ngc
1835.2966,1000,-504.5201,Ngc
2141.1228,1000,-524.5463,Ngc
2556.9446,1000,-577.3326,Ngc
2861.5056,1000,-597.5488,Ngc
3145.2017,1000,-632.3994,Ngc
3386.8854,1000,-662.089,Ngc
3618.3385,1000,-706.5253,Ngc
3846.8891,1000,-721.2086,Ngc
4070.2192,1000,-735.5565,Ngc
4266.0815,1000,-766.1332,Ngc
4371.0923,1000,-782.5268,Ngc
29.2687,0,-285.0091,Ngc
195.5971,0,-305.2253,Ngc
405.3549,0,-330.7199,Ngc
639.4772,0,-359.176,Ngc
872.358,0,-387.4811,Ngc
1118.707,0,-417.4233,Ngc
1435.7874,0,-455.9623,Ngc
1835.2966,0,-504.5201,Ngc
2141.1228,0,-524.5463,Ngc
2556.9446,0,-577.3326,Ngc
2861.5056,0,-597.5488,Ngc
3145.2017,0,-632.3994,Ngc
3386.8854,0,-662.089,Ngc
3618.3385,0,-706.5253,Ngc
3846.8891,0,-721.2086,Ngc
4070.2192,0,-735.5565,Ngc
4266.0815,0,-766.1332,Ngc
4371.0923,0,-782.5268,Ngc
5492.2463,1000,-312.0406,Ngc
5621.2438,1000,-271.3917,Ngc
5799.0518,1000,-235.3885,Ngc
5996.6164,1000,-177.3187,Ngc
6175.9955,1000,-124.5942,Ngc
6331.4059,1000,-78.9147,Ngc
6504.4935,1000,-28.0394,Ngc
6641.0618,1000,16.2101,Ngc
6810.3819,1000,80.2658,Ngc
6900.2963,1000,131.6122,Ngc
7029.9133,1000,224.9697,Ngc
8133.2119,1000,-50.0883,Ngc
8227.2846,1000,-39.1567,Ngc
8549.9945,1000,-56.5063,Ngc
8771.6101,1000,-68.4208,Ngc
8998.9188,1000,-101.3697,Ngc
9178.9249,1000,-127.4619,Ngc
9366.0443,1000,-154.5853,Ngc
9609.8035,1000,-174.311,Ngc
9783.9463,1000,-196.5556,Ngc
9948.1354,1000,-196.5556,Ngc
9983.4059,1000,-196.5556,Ngc
5264.3588,1000,-48.0577,Falla
5472.2104,1000,-361.4568,Falla
5604.0475,1000,-601.5704,Falla
5691.8864,1000,-728.669,Falla
5732.5253,1000,-787.4715,Falla
22.3461,1000,-502.3277,Pgc
193.4714,1000,-521.0513,Pgc
378.4239,1000,-541.2879,Pgc
610.6673,1000,-588.4598,Pgc
760.0408,1000,-618.7996,Pgc
1003.1814,1000,-649.8158,Pgc
1276.7315,1000,-703.4913,Pgc
1507.8131,1000,-732.202,Pgc
2835.4618,1000,-962.1071,Pgc
3622.0896,1000,-1098.3252,Pgc
4312.2833,1000,-1217.8441,Pgc
5027.0911,1000,-1217.8441,Pgc
5650.3503,1000,-1217.8441,Pgc
5623.292,1000,-550.1467,Pgc
5816.8391,1000,-517.0935,Pgc
6016.1065,1000,-483.0634,Pgc
6200.9439,1000,-451.4976,Pgc
6364.4068,1000,-404.4674,Pgc
6540.5146,1000,-353.7991,Pgc
6687.8025,1000,-268.5819,Pgc
6816.1941,1000,-194.2977,Pgc
6946.1071,1000,-119.1332,Pgc
7036.8963,1000,-66.6048,Pgc
7133.7747,1000,-66.6048,Pgc
7217.9677,1000,-66.6048,Pgc
7316.6725,1000,-114.0786,Pgc
7414.1436,1000,-215.1859,Pgc
7556.032,1000,-301.4972,Pgc
7645.4378,1000,-355.8832,Pgc
7771.9517,1000,-373.979,Pgc
8005.7006,1000,-373.979,Pgc
8259.987,1000,-373.979,Pgc
8732.4324,1000,-391.604,Pgc
8920.4817,1000,-398.6194,Pgc
9232.9992,1000,-422.4612,Pgc
9465.4825,1000,-441.0246,Pgc
9773.249,1000,-465.5993,Pgc
9987.1502,1000,-482.6789,Pgc
