X,Y,Z,formation
66.7585,0,227.7816,Jrq
198.6982,0,295.4327,Jrq
364.4354,0,380.4132,Jrq
496.7053,0,450.3213,Jrq
577.9642,0,489.2122,Jrq
719.3137,0,519.2332,Jrq
847.0062,0,530.1499,Jrq
1031.8609,0,545.9535,Jrq
744.0761,0,922.6733,Jrq
818.168,0,947.5952,Jrq
974.1073,0,947.5952,Jrq
1104.6292,0,947.5952,Jrq
1213.1684,0,947.5952,Jrq
1302.1577,0,1021.1781,Jrq
1412.7578,0,1075.4038,Jrq
1504.2491,0,1137.4778,Jrq
1594.2405,0,1180.7211,Jrq
1659.5631,0,1212.1104,Jrq
1733.6928,0,1228.0828,Jrq
1886.1973,0,1228.0828,Jrq
2047.6323,0,1228.0828,Jrq
2137.9082,0,1161.3502,Jrq
2233.4298,0,1090.74,Jrq
2339.4764,0,1012.3496,Jrq
2396.9014,0,969.9006,Jrq
2484.5759,0,905.091,Jrq
2571.7382,0,840.66,Jrq
2671.8726,0,788.2751,Jrq
2774.6303,0,734.5179,Jrq
2853.9163,0,679.1374,Jrq
2930.1685,0,646.1901,Jrq
2977.5685,0,646.1901,Jrq
3023.5947,0,656.4861,Jrq
3112.2121,0,723.067,Jrq
3181.1968,0,774.8972,Jrq
3263.7514,0,822.5632,Jrq
3350.308,0,859.6289,Jrq
3425.8733,0,910.4226,Jrq
3520.8155,0,951.3178,Jrq
3626.5029,0,996.8414,Jrq
3768.807,0,1030.2539,Jrq
3890.5332,0,1058.8348,Jrq
4017.739,0,1088.7023,Jrq
4142.1401,0,1106.4655,Jrq
4241.0064,0,1120.5826,Jrq
4336.549,0,1143.5311,Jrq
4414.1751,0,1143.5311,Jrq
4515.1579,0,1143.5311,Jrq
4611.3319,0,1115.3887,Jrq
4716.8425,0,1070.0003,Jrq
4822.147,0,1024.7006,Jrq
4911.2514,0,973.9041,Jrq
5021.1646,0,925.856,Jrq
5111.2597,0,874.0908,Jrq
5201.957,0,821.9796,Jrq
5303.0124,0,763.917,Jrq
5398.9767,0,718.6079,Jrq
5519.6465,0,653.8702,Jrq
5625.8362,0,605.3656,Jrq
5735.0599,0,546.9003,Jrq
5854.6752,0,482.8725,Jrq
5950.3919,0,431.6372,Jrq
6059.1495,0,366.3368,Jrq
6154.937,0,318.6983,Jrq
6261.1267,0,281.0207,Jrq
6387.9614,0,236.0178,Jrq
6494.4382,0,198.2383,Jrq
6616.278,0,181.6801,Jrq
6747.6065,0,153.097,Jrq
6833.1838,0,153.097,Jrq
6911.2008,0,153.097,Jrq
7000.0534,0,169.4911,Jrq
7102.1064,0,199.4558,Jrq
7209.5964,0,246.6611,Jrq
7288.7819,0,281.4362,Jrq
7364.453,0,322.1635,Jrq
7453.739,0,363.3058,Jrq
7539.8871,0,403.0021,Jrq
7662.1352,0,490.4173,Jrq
7795.963,0,566.4539,Jrq
7917.1551,0,635.3113,Jrq
8010.4524,0,688.5812,Jrq
8117.1749,0,749.5164,Jrq
8216.1004,0,821.1561,Jrq
8308.8178,0,877.965,Jrq
8394.6508,0,930.5559,Jrq
8469.5033,0,976.4189,Jrq
8551.2074,0,1038.2241,Jrq
8657.9198,0,1108.1428,Jrq
8733.4809,0,1157.6509,Jrq
8833.0524,0,1233.3395,Jrq
8934.954,0,1298.8883,Jrq
9020.3314,0,1365.0951,Jrq
9123.545,0,1433.7029,Jrq
9193.9296,0,1480.4886,Jrq
40.4605,0,-827.1376,P3pc
151.4318,0,-756.3099,P3pc
230.9729,0,-715.5731,P3pc
295.0563,0,-682.7529,P3pc
375.7339,0,-641.434,P3pc
466.503,0,-601.5667,P3pc
534.5579,0,-571.6758,P3pc
617.73,0,-535.1453,P3pc
700.0614,0,-485.9585,P3pc
770.0096,0,-453.6087,P3pc
833.1629,0,-411.6737,P3pc
915.2488,0,-371.2113,P3pc
997.588,0,-322.8862,P3pc
1078.037,0,-282.8126,P3pc
1145.9866,0,-241.6764,P3pc
1236.7195,0,-205.3327,P3pc
1313.9836,0,-189.6197,P3pc
1426.7002,0,-173.2451,P3pc
1525.4827,0,-158.8948,P3pc
1609.7947,0,-158.8948,P3pc
1318.0031,0,226.5025,P3pc
1318.0031,0,283.4587,P3pc
1374.2938,0,345.3299,P3pc
1461.3708,0,394.9558,P3pc
1543.9325,0,394.9558,P3pc
1636.8146,0,394.9558,P3pc
1783.2328,0,394.9558,P3pc
1883.21,0,336.9515,P3pc
1960.627,0,288.1689,P3pc
2027.3561,0,246.121,P3pc
2099.4444,0,183.79,P3pc
2183.6819,0,121.7948,P3pc
2246.9154,0,75.2576,P3pc
2303.0181,0,25.1905,P3pc
2375.5351,0,-18.2744,P3pc
2455.7313,0,-66.342,P3pc
2534.5017,0,-113.555,P3pc
2605.7123,0,-149.2359,P3pc
2702.1448,0,-185.4445,P3pc
2780.061,0,-214.7005,P3pc
2851.4162,0,-250.521,P3pc
2906.4322,0,-268.7101,P3pc
2997.8559,0,-268.7101,P3pc
3071.4803,0,-268.7101,P3pc
3136.205,0,-268.7101,P3pc
3198.5025,0,-226.6731,P3pc
3282.1072,0,-192.2858,P3pc
3360.1815,0,-145.3983,P3pc
3435.5153,0,-108.0304,P3pc
3514.8031,0,-59.1219,P3pc
3582.3595,0,-3.3421,P3pc
3637.9079,0,33.999,P3pc
3705.8558,0,79.6752,P3pc
3791.6291,0,117.6688,P3pc
3875.6255,0,154.8753,P3pc
3945.2781,0,185.7281,P3pc
4025.182,0,210.8048,P3pc
4099.2274,0,234.0429,P3pc
4196.298,0,240.7157,P3pc
4295.4077,0,240.7157,P3pc
4408.2714,0,226.5687,P3pc
4565.625,0,167.9025,P3pc
4732.4179,0,105.7171,P3pc
4869.3232,0,54.6747,P3pc
5036.4001,0,-51.7709,P3pc
5187.0488,0,-147.75,P3pc
5328.6634,0,-237.9735,P3pc
5490.1246,0,-315.1798,P3pc
5636.4692,0,-406.9295,P3pc
5819.6978,0,-482.4163,P3pc
5948.1448,0,-546.917,P3pc
6088.4484,0,-595.6215,P3pc
6229.6466,0,-663.6732,P3pc
6345.1696,0,-719.3506,P3pc
6475.3427,0,-763.715,P3pc
6595.8852,0,-790.0418,P3pc
6710.0608,0,-814.978,P3pc
6803.3765,0,-814.978,P3pc
6896.2536,0,-814.978,P3pc
7004.0295,0,-780.242,P3pc
7095.5892,0,-730.8793,P3pc
7209.9996,0,-669.197,P3pc
7303.2484,0,-618.9236,P3pc
7422.6431,0,-554.5541,P3pc
7540.5542,0,-473.3256,P3pc
7643.2679,0,-390.8125,P3pc
7735.4863,0,-330.9191,P3pc
7836.2678,0,-251.9388,P3pc
7954.5168,0,-178.745,P3pc
8048.6155,0,-109.8834,P3pc
8143.3266,0,-40.5738,P3pc
8246.8446,0,35.1808,P3pc
8333.7572,0,113.5507,P3pc
8424.5425,0,172.4803,P3pc
8501.4118,0,234.7205,P3pc
8623.5746,0,333.6344,P3pc
8749.5312,0,421.2605,P3pc
8854.6769,0,494.4087,P3pc
8965.1212,0,571.2431,P3pc
9070.676,0,644.6759,P3pc
9192.4299,0,729.3783,P3pc
9303.5551,0,778.2332,P3pc
29.4874,0,-1841.538,P3D
107.5498,0,-1791.2885,P3D
196.1206,0,-1742.914,P3D
301.401,0,-1685.4133,P3D
381.2075,0,-1634.7349,P3D
467.1512,0,-1571.3606,P3D
540.8885,0,-1516.9872,P3D
639.6528,0,-1444.159,P3D
745.0155,0,-1384.6984,P3D
859.1737,0,-1320.2741,P3D
978.253,0,-1269.3334,P3D
1096.4725,0,-1229.5838,P3D
1211.3143,0,-1184.9593,P3D
1325.624,0,-1151.7375,P3D
1479.1216,0,-1123.2378,P3D
1602.5953,0,-1095.1131,P3D
1740.5257,0,-1075.5434,P3D
1877.4092,0,-1056.1223,P3D
1977.9894,0,-1041.8519,P3D
2139.646,0,-1041.8519,P3D
2340.9251,0,-1041.8519,P3D
2196.5974,0,-881.8601,P3D
2246.3536,0,-854.3583,P3D
2304.6305,0,-846.6594,P3D
2381.4359,0,-872.6223,P3D
2470.469,0,-911.9484,P3D
2531.2255,0,-953.9472,P3D
2602.0925,0,-1010.2487,P3D
2682.6654,0,-1074.2614,P3D
2765.0862,0,-1139.7421,P3D
2827.4449,0,-1189.2842,P3D
2907.4862,0,-1224.5818,P3D
3003.7796,0,-1256.6536,P3D
3086.4608,0,-1267.4957,P3D
3173.5834,0,-1267.4957,P3D
3261.4701,0,-1252.6052,P3D
3356.2349,0,-1224.7333,P3D
3423.8695,0,-1198.0068,P3D
3504.8079,0,-1166.0232,P3D
3555.8886,0,-1116.231,P3D
3614.0436,0,-1059.543,P3D
3669.8487,0,-996.1082,P3D
3718.3009,0,-941.0316,P3D
3769.3123,0,-883.0458,P3D
3836.1814,0,-818.0005,P3D
3906.1996,0,-762.0656,P3D
3998.2897,0,-718.9214,P3D
4072.4203,0,-676.159,P3D
4144.4463,0,-634.6105,P3D
4207.4459,0,-608.028,P3D
4293.0399,0,-565.2656,P3D
4356.4713,0,-555.7204,P3D
4414.5529,0,-555.7204,P3D
4500.147,0,-565.6474,P3D
4597.4176,0,-600.3894,P3D
4682.6295,0,-648.4971,P3D
4771.7756,0,-692.5797,P3D
4859.9812,0,-736.1973,P3D
4926.5328,0,-776.1955,P3D
5015.0651,0,-829.4043,P3D
5114.9989,0,-879.0841,P3D
5192.9507,0,-928.3372,P3D
5267.8391,0,-975.6548,P3D
5347.4904,0,-1031.2227,P3D
5447.7222,0,-1099.7217,P3D
5543.6608,0,-1165.2866,P3D
5674.0879,0,-1238.778,P3D
5802.7973,0,-1311.3015,P3D
5954.3968,0,-1396.7228,P3D
6103.4919,0,-1480.733,P3D
6217.2413,0,-1529.7866,P3D
6338.4919,0,-1582.0751,P3D
6447.963,0,-1629.2838,P3D
6567.0539,0,-1656.3298,P3D
6672.0146,0,-1680.1668,P3D
6743.9198,0,-1696.4968,P3D
6858.0916,0,-1696.4968,P3D
6995.8034,0,-1685.9743,P3D
7110.7683,0,-1652.8028,P3D
7209.4609,0,-1603.0243,P3D
7308.3626,0,-1553.1402,P3D
7409.4991,0,-1502.1291,P3D
7489.0147,0,-1462.023,P3D
7561.6668,0,-1425.3788,P3D
7646.1538,0,-1367.569,P3D
7731.609,0,-1326.4118,P3D
7835.0603,0,-1257.924,P3D
7942.0329,0,-1203.2525,P3D
8012.0516,0,-1167.4673,P3D
8092.801,0,-1126.1979,P3D
8202.2462,0,-1054.9924,P3D
8321.5144,0,-988.6494,P3D
8433.4053,0,-937.0493,P3D
8551.0019,0,-869.8343,P3D
8635.1287,0,-821.7497,P3D
8743.5883,0,-759.7572,P3D
8842.6767,0,-703.121,P3D
8925.6143,0,-655.7161,P3D
9052.1675,0,-611.6365,P3D
9135.291,0,-575.1474,P3D
9237.9601,0,-539.5187,P3D
744.0761,0,922.6733,FallaLaColonia
804.3539,0,841.5264,FallaLaColonia
869.324,0,762.9041,FallaLaColonia
920.0751,0,701.4888,FallaLaColonia
976.6643,0,622.7523,FallaLaColonia
1033.2464,0,544.0257,FallaLaColonia
1111.3828,0,460.6363,FallaLaColonia
1180.501,0,386.8714,FallaLaColonia
1258.2137,0,303.9341,FallaLaColonia
1318.0031,0,226.5025,FallaLaColonia
1378.3924,0,148.2941,FallaLaColonia
1424.0654,0,83.7735,FallaLaColonia
1472.1807,0,15.8027,FallaLaColonia
1542.5366,0,-69.0555,FallaLaColonia
1607.6653,0,-156.0504,FallaLaColonia
1672.33,0,-242.4256,FallaLaColonia
1737.7309,0,-314.3204,FallaLaColonia
1810.1368,0,-403.6693,FallaLaColonia
1866.0036,0,-483.0985,FallaLaColonia
1925.7384,0,-554.3606,FallaLaColonia
1976.0865,0,-621.8468,FallaLaColonia
2052.4746,0,-711.9191,FallaLaColonia
2128.4731,0,-801.5319,FallaLaColonia
2196.5974,0,-881.8601,FallaLaColonia
2289.7355,0,-975.3296,FallaLaColonia
2352.3666,0,-1056.7203,FallaLaColonia
2507.938,0,-1244.5452,FallaLaColonia
2673.8207,0,-1444.8191,FallaLaColonia
2808.8396,0,-1607.8304,FallaLaColonia
2983.5838,0,-1865.2458,FallaLaColonia
3109.4555,0,-2010.2511,FallaLaColonia
3278.397,0,-2204.873,FallaLaColonia
3537.7143,0,-2419.5258,FallaLaColonia
3729.7511,0,-2578.4864,FallaLaColonia
3863.5001,0,-2767.2426,FallaLaColonia
4013.9255,0,-2979.5337,FallaLaColonia
4213.2548,0,-3155.6486,FallaLaColonia
4355.4159,0,-3331.7265,FallaLaColonia
4466.6407,0,-3469.4873,FallaLaColonia
4603.0132,0,-3671.4875,FallaLaColonia
4749.9059,0,-3911.1674,FallaLaColonia
66.7585,2000,227.7816,Jrq
198.6982,2000,295.4327,Jrq
364.4354,2000,380.4132,Jrq
496.7053,2000,450.3213,Jrq
577.9642,2000,489.2122,Jrq
719.3137,2000,519.2332,Jrq
847.0062,2000,530.1499,Jrq
1031.8609,2000,545.9535,Jrq
744.0761,2000,922.6733,Jrq
818.168,2000,947.5952,Jrq
974.1073,2000,947.5952,Jrq
1104.6292,2000,947.5952,Jrq
1213.1684,2000,947.5952,Jrq
1302.1577,2000,1021.1781,Jrq
1412.7578,2000,1075.4038,Jrq
1504.2491,2000,1137.4778,Jrq
1594.2405,2000,1180.7211,Jrq
1659.5631,2000,1212.1104,Jrq
1733.6928,2000,1228.0828,Jrq
1886.1973,2000,1228.0828,Jrq
2047.6323,2000,1228.0828,Jrq
2137.9082,2000,1161.3502,Jrq
2233.4298,2000,1090.74,Jrq
2339.4764,2000,1012.3496,Jrq
2396.9014,2000,969.9006,Jrq
2484.5759,2000,905.091,Jrq
2571.7382,2000,840.66,Jrq
2671.8726,2000,788.2751,Jrq
2774.6303,2000,734.5179,Jrq
2853.9163,2000,679.1374,Jrq
2930.1685,2000,646.1901,Jrq
2977.5685,2000,646.1901,Jrq
3023.5947,2000,656.4861,Jrq
3112.2121,2000,723.067,Jrq
3181.1968,2000,774.8972,Jrq
3263.7514,2000,822.5632,Jrq
3350.308,2000,859.6289,Jrq
3425.8733,2000,910.4226,Jrq
3520.8155,2000,951.3178,Jrq
3626.5029,2000,996.8414,Jrq
3768.807,2000,1030.2539,Jrq
3890.5332,2000,1058.8348,Jrq
4017.739,2000,1088.7023,Jrq
4142.1401,2000,1106.4655,Jrq
4241.0064,2000,1120.5826,Jrq
4336.549,2000,1143.5311,Jrq
4414.1751,2000,1143.5311,Jrq
4515.1579,2000,1143.5311,Jrq
4611.3319,2000,1115.3887,Jrq
4716.8425,2000,1070.0003,Jrq
4822.147,2000,1024.7006,Jrq
4911.2514,2000,973.9041,Jrq
5021.1646,2000,925.856,Jrq
5111.2597,2000,874.0908,Jrq
5201.957,2000,821.9796,Jrq
5303.0124,2000,763.917,Jrq
5398.9767,2000,718.6079,Jrq
5519.6465,2000,653.8702,Jrq
5625.8362,2000,605.3656,Jrq
5735.0599,2000,546.9003,Jrq
5854.6752,2000,482.8725,Jrq
5950.3919,2000,431.6372,Jrq
6059.1495,2000,366.3368,Jrq
6154.937,2000,318.6983,Jrq
6261.1267,2000,281.0207,Jrq
6387.9614,2000,236.0178,Jrq
6494.4382,2000,198.2383,Jrq
6616.278,2000,181.6801,Jrq
6747.6065,2000,153.097,Jrq
6833.1838,2000,153.097,Jrq
6911.2008,2000,153.097,Jrq
7000.0534,2000,169.4911,Jrq
7102.1064,2000,199.4558,Jrq
7209.5964,2000,246.6611,Jrq
7288.7819,2000,281.4362,Jrq
7364.453,2000,322.1635,Jrq
7453.739,2000,363.3058,Jrq
7539.8871,2000,403.0021,Jrq
7662.1352,2000,490.4173,Jrq
7795.963,2000,566.4539,Jrq
7917.1551,2000,635.3113,Jrq
8010.4524,2000,688.5812,Jrq
8117.1749,2000,749.5164,Jrq
8216.1004,2000,821.1561,Jrq
8308.8178,2000,877.965,Jrq
8394.6508,2000,930.5559,Jrq
8469.5033,2000,976.4189,Jrq
8551.2074,2000,1038.2241,Jrq
8657.9198,2000,1108.1428,Jrq
8733.4809,2000,1157.6509,Jrq
8833.0524,2000,1233.3395,Jrq
8934.954,2000,1298.8883,Jrq
9020.3314,2000,1365.0951,Jrq
9123.545,2000,1433.7029,Jrq
9193.9296,2000,1480.4886,Jrq
40.4605,2000,-827.1376,P3pc
151.4318,2000,-756.3099,P3pc
230.9729,2000,-715.5731,P3pc
295.0563,2000,-682.7529,P3pc
375.7339,2000,-641.434,P3pc
466.503,2000,-601.5667,P3pc
534.5579,2000,-571.6758,P3pc
617.73,2000,-535.1453,P3pc
700.0614,2000,-485.9585,P3pc
770.0096,2000,-453.6087,P3pc
833.1629,2000,-411.6737,P3pc
915.2488,2000,-371.2113,P3pc
997.588,2000,-322.8862,P3pc
1078.037,2000,-282.8126,P3pc
1145.9866,2000,-241.6764,P3pc
1236.7195,2000,-205.3327,P3pc
1313.9836,2000,-189.6197,P3pc
1426.7002,2000,-173.2451,P3pc
1525.4827,2000,-158.8948,P3pc
1609.7947,2000,-158.8948,P3pc
1318.0031,2000,226.5025,P3pc
1318.0031,2000,283.4587,P3pc
1374.2938,2000,345.3299,P3pc
1461.3708,2000,394.9558,P3pc
1543.9325,2000,394.9558,P3pc
1636.8146,2000,394.9558,P3pc
1783.2328,2000,394.9558,P3pc
1883.21,2000,336.9515,P3pc
1960.627,2000,288.1689,P3pc
2027.3561,2000,246.121,P3pc
2099.4444,2000,183.79,P3pc
2183.6819,2000,121.7948,P3pc
2246.9154,2000,75.2576,P3pc
2303.0181,2000,25.1905,P3pc
2375.5351,2000,-18.2744,P3pc
2455.7313,2000,-66.342,P3pc
2534.5017,2000,-113.555,P3pc
2605.7123,2000,-149.2359,P3pc
2702.1448,2000,-185.4445,P3pc
2780.061,2000,-214.7005,P3pc
2851.4162,2000,-250.521,P3pc
2906.4322,2000,-268.7101,P3pc
2997.8559,2000,-268.7101,P3pc
3071.4803,2000,-268.7101,P3pc
3136.205,2000,-268.7101,P3pc
3198.5025,2000,-226.6731,P3pc
3282.1072,2000,-192.2858,P3pc
3360.1815,2000,-145.3983,P3pc
3435.5153,2000,-108.0304,P3pc
3514.8031,2000,-59.1219,P3pc
3582.3595,2000,-3.3421,P3pc
3637.9079,2000,33.999,P3pc
3705.8558,2000,79.6752,P3pc
3791.6291,2000,117.6688,P3pc
3875.6255,2000,154.8753,P3pc
3945.2781,2000,185.7281,P3pc
4025.182,2000,210.8048,P3pc
4099.2274,2000,234.0429,P3pc
4196.298,2000,240.7157,P3pc
4295.4077,2000,240.7157,P3pc
4408.2714,2000,226.5687,P3pc
4565.625,2000,167.9025,P3pc
4732.4179,2000,105.7171,P3pc
4869.3232,2000,54.6747,P3pc
5036.4001,2000,-51.7709,P3pc
5187.0488,2000,-147.75,P3pc
5328.6634,2000,-237.9735,P3pc
5490.1246,2000,-315.1798,P3pc
5636.4692,2000,-406.9295,P3pc
5819.6978,2000,-482.4163,P3pc
5948.1448,2000,-546.917,P3pc
6088.4484,2000,-595.6215,P3pc
6229.6466,2000,-663.6732,P3pc
6345.1696,2000,-719.3506,P3pc
6475.3427,2000,-763.715,P3pc
6595.8852,2000,-790.0418,P3pc
6710.0608,2000,-814.978,P3pc
6803.3765,2000,-814.978,P3pc
6896.2536,2000,-814.978,P3pc
7004.0295,2000,-780.242,P3pc
7095.5892,2000,-730.8793,P3pc
7209.9996,2000,-669.197,P3pc
7303.2484,2000,-618.9236,P3pc
7422.6431,2000,-554.5541,P3pc
7540.5542,2000,-473.3256,P3pc
7643.2679,2000,-390.8125,P3pc
7735.4863,2000,-330.9191,P3pc
7836.2678,2000,-251.9388,P3pc
7954.5168,2000,-178.745,P3pc
8048.6155,2000,-109.8834,P3pc
8143.3266,2000,-40.5738,P3pc
8246.8446,2000,35.1808,P3pc
8333.7572,2000,113.5507,P3pc
8424.5425,2000,172.4803,P3pc
8501.4118,2000,234.7205,P3pc
8623.5746,2000,333.6344,P3pc
8749.5312,2000,421.2605,P3pc
8854.6769,2000,494.4087,P3pc
8965.1212,2000,571.2431,P3pc
9070.676,2000,644.6759,P3pc
9192.4299,2000,729.3783,P3pc
9303.5551,2000,778.2332,P3pc
29.4874,2000,-1841.538,P3D
107.5498,2000,-1791.2885,P3D
196.1206,2000,-1742.914,P3D
301.401,2000,-1685.4133,P3D
381.2075,2000,-1634.7349,P3D
467.1512,2000,-1571.3606,P3D
540.8885,2000,-1516.9872,P3D
639.6528,2000,-1444.159,P3D
745.0155,2000,-1384.6984,P3D
859.1737,2000,-1320.2741,P3D
978.253,2000,-1269.3334,P3D
1096.4725,2000,-1229.5838,P3D
1211.3143,2000,-1184.9593,P3D
1325.624,2000,-1151.7375,P3D
1479.1216,2000,-1123.2378,P3D
1602.5953,2000,-1095.1131,P3D
1740.5257,2000,-1075.5434,P3D
1877.4092,2000,-1056.1223,P3D
1977.9894,2000,-1041.8519,P3D
2139.646,2000,-1041.8519,P3D
2340.9251,2000,-1041.8519,P3D
2196.5974,2000,-881.8601,P3D
2246.3536,2000,-854.3583,P3D
2304.6305,2000,-846.6594,P3D
2381.4359,2000,-872.6223,P3D
2470.469,2000,-911.9484,P3D
2531.2255,2000,-953.9472,P3D
2602.0925,2000,-1010.2487,P3D
2682.6654,2000,-1074.2614,P3D
2765.0862,2000,-1139.7421,P3D
2827.4449,2000,-1189.2842,P3D
2907.4862,2000,-1224.5818,P3D
3003.7796,2000,-1256.6536,P3D
3086.4608,2000,-1267.4957,P3D
3173.5834,2000,-1267.4957,P3D
3261.4701,2000,-1252.6052,P3D
3356.2349,2000,-1224.7333,P3D
3423.8695,2000,-1198.0068,P3D
3504.8079,2000,-1166.0232,P3D
3555.8886,2000,-1116.231,P3D
3614.0436,2000,-1059.543,P3D
3669.8487,2000,-996.1082,P3D
3718.3009,2000,-941.0316,P3D
3769.3123,2000,-883.0458,P3D
3836.1814,2000,-818.0005,P3D
3906.1996,2000,-762.0656,P3D
3998.2897,2000,-718.9214,P3D
4072.4203,2000,-676.159,P3D
4144.4463,2000,-634.6105,P3D
4207.4459,2000,-608.028,P3D
4293.0399,2000,-565.2656,P3D
4356.4713,2000,-555.7204,P3D
4414.5529,2000,-555.7204,P3D
4500.147,2000,-565.6474,P3D
4597.4176,2000,-600.3894,P3D
4682.6295,2000,-648.4971,P3D
4771.7756,2000,-692.5797,P3D
4859.9812,2000,-736.1973,P3D
4926.5328,2000,-776.1955,P3D
5015.0651,2000,-829.4043,P3D
5114.9989,2000,-879.0841,P3D
5192.9507,2000,-928.3372,P3D
5267.8391,2000,-975.6548,P3D
5347.4904,2000,-1031.2227,P3D
5447.7222,2000,-1099.7217,P3D
5543.6608,2000,-1165.2866,P3D
5674.0879,2000,-1238.778,P3D
5802.7973,2000,-1311.3015,P3D
5954.3968,2000,-1396.7228,P3D
6103.4919,2000,-1480.733,P3D
6217.2413,2000,-1529.7866,P3D
6338.4919,2000,-1582.0751,P3D
6447.963,2000,-1629.2838,P3D
6567.0539,2000,-1656.3298,P3D
6672.0146,2000,-1680.1668,P3D
6743.9198,2000,-1696.4968,P3D
6858.0916,2000,-1696.4968,P3D
6995.8034,2000,-1685.9743,P3D
7110.7683,2000,-1652.8028,P3D
7209.4609,2000,-1603.0243,P3D
7308.3626,2000,-1553.1402,P3D
7409.4991,2000,-1502.1291,P3D
7489.0147,2000,-1462.023,P3D
7561.6668,2000,-1425.3788,P3D
7646.1538,2000,-1367.569,P3D
7731.609,2000,-1326.4118,P3D
7835.0603,2000,-1257.924,P3D
7942.0329,2000,-1203.2525,P3D
8012.0516,2000,-1167.4673,P3D
8092.801,2000,-1126.1979,P3D
8202.2462,2000,-1054.9924,P3D
8321.5144,2000,-988.6494,P3D
8433.4053,2000,-937.0493,P3D
8551.0019,2000,-869.8343,P3D
8635.1287,2000,-821.7497,P3D
8743.5883,2000,-759.7572,P3D
8842.6767,2000,-703.121,P3D
8925.6143,2000,-655.7161,P3D
9052.1675,2000,-611.6365,P3D
9135.291,2000,-575.1474,P3D
9237.9601,2000,-539.5187,P3D
744.0761,2000,922.6733,FallaLaColonia
804.3539,2000,841.5264,FallaLaColonia
869.324,2000,762.9041,FallaLaColonia
920.0751,2000,701.4888,FallaLaColonia
976.6643,2000,622.7523,FallaLaColonia
1033.2464,2000,544.0257,FallaLaColonia
1111.3828,2000,460.6363,FallaLaColonia
1180.501,2000,386.8714,FallaLaColonia
1258.2137,2000,303.9341,FallaLaColonia
1318.0031,2000,226.5025,FallaLaColonia
1378.3924,2000,148.2941,FallaLaColonia
1424.0654,2000,83.7735,FallaLaColonia
1472.1807,2000,15.8027,FallaLaColonia
1542.5366,2000,-69.0555,FallaLaColonia
1607.6653,2000,-156.0504,FallaLaColonia
1672.33,2000,-242.4256,FallaLaColonia
1737.7309,2000,-314.3204,FallaLaColonia
1810.1368,2000,-403.6693,FallaLaColonia
1866.0036,2000,-483.0985,FallaLaColonia
1925.7384,2000,-554.3606,FallaLaColonia
1976.0865,2000,-621.8468,FallaLaColonia
2052.4746,2000,-711.9191,FallaLaColonia
2128.4731,2000,-801.5319,FallaLaColonia
2196.5974,2000,-881.8601,FallaLaColonia
2289.7355,2000,-975.3296,FallaLaColonia
2352.3666,2000,-1056.7203,FallaLaColonia
2507.938,2000,-1244.5452,FallaLaColonia
2673.8207,2000,-1444.8191,FallaLaColonia
2808.8396,2000,-1607.8304,FallaLaColonia
2983.5838,2000,-1865.2458,FallaLaColonia
3109.4555,2000,-2010.2511,FallaLaColonia
3278.397,2000,-2204.873,FallaLaColonia
3537.7143,2000,-2419.5258,FallaLaColonia
3729.7511,2000,-2578.4864,FallaLaColonia
3863.5001,2000,-2767.2426,FallaLaColonia
4013.9255,2000,-2979.5337,FallaLaColonia
4213.2548,2000,-3155.6486,FallaLaColonia
4355.4159,2000,-3331.7265,FallaLaColonia
4466.6407,2000,-3469.4873,FallaLaColonia
4603.0132,2000,-3671.4875,FallaLaColonia
4749.9059,2000,-3911.1674,FallaLaColonia
